{'R_i': 0.015,
 'R_o': 0.06,
 'h_gap': 0.025,
 'h_fc': 0.01,
 'R_e': 2,
 'n_IV': 4,
 'n_II': 3,
 'phi_C_II': 15,
 'mu_r_II': 1.05,
 'mu_r_IV': 1.05,
 'linear_iron': 1,
 'mu_r_iron': 5000.0,
 'B_rem_II_1': 1.3999999999999999,
 'B_rem_II_2': 1.3999999999999999,
 'B_rem_II_3': 1.3999999999999999,
 'B_rem_IV_1': 1.3999999999999999,
 'B_rem_IV_2': 1.3999999999999999,
 'B_rem_IV_3': 1.3999999999999999,
 'B_rem_IV_4': 1.3999999999999999}

R_s[mm]	\phi_S[deg]	K[T^2]
120.0	45.0	3.220
